
Data Transfer Benchmarking

100 bytes
1.106
1.291
0.790
0.676
0.768
0.851
1.184
0.709
1.269
0.840

==================================

1K bytes
0.878
0.716
0.853
0.950
0.894
0.905
0.889
0.909
0.887
1.090

==================================

10K bytes
3.295
2.912
4.130
2.539
4.114
4.401
4.247
2.995
3.649
2.491

==================================

1M bytes
128.413
131.572
143.401
134.220
133.358
138.037
133.937
128.353
129.698
137.517

==================================

10M bytes
1306.530
1388.650
1313.360
1386.724
1375.565
1296.118
1318.820
1282.029
1312.403
1291.932

==================================

100M bytes
13101.510
13331.190
13173.929
13388.622
13236.955
13432.052
14239.343
13678.327
13252.543
13552.809

==================================

