
Data Transfer Benchmarking

100 bytes
20.888
24.773
6.508
12.864
19.459
7.044
15.828
27.203
12.430
10.268

==================================

1K bytes
16.761
23.221
20.720
9.011
24.083
15.790
20.519
7.288
23.193
14.132

==================================

10K bytes
163.825
140.667
145.996
157.993
163.794
170.727
118.217
134.299
120.645
95.877

==================================

1M bytes
13833.605
11321.644
13252.019
16020.770
10319.743
9524.488
9078.658
10368.713
8650.404
8503.061

==================================

10M bytes
142758.534
156454.441
78661.621
96282.287
91782.344
186470.8
88906.916
73860.266
82491.22
74472.287

==================================

100M bytes
989395.693
865541.896
1362459.067
796026.766
868418.183
727078.667
669514.068
746221.208
795532.820
740551.554

==================================

